0.0 0.0 1.0 -0.0 -0.0 1.0 -0.0 0.0 -1.0 0.0 -0.0 -3.0 0.0 0.0 0.0 1.0
0.0209 0.0 0.9998 1.9012e-09 0.0 1.0 -0.0 0.0 -0.9998 0.0 0.0209 -3.0 8.7184e-12 0.0 -5.6075e-11 1.0
0.0419 0.0 0.9991 -3.7337e-11 -0.0 1.0 -0.0 0.0 -0.9991 0.0 0.0419 -3.0 9.9167e-09 0.0 5.2155e-10 1.0
0.0628 0.0 0.998 -1.8642e-08 -0.0 1.0 -0.0 0.0 -0.998 0.0 0.0628 -3.0 -3.9204e-11 0.0 5.7723e-12 1.0
0.0837 0.0 0.9965 -2.2335e-08 -0.0 1.0 -0.0 0.0 -0.9965 0.0 0.0837 -3.0 -6.9679e-11 0.0 1.0416e-09 1.0
0.1045 0.0 0.9945 -1.1179e-08 -0.0 1.0 -0.0 0.0 -0.9945 0.0 0.1045 -3.0 9.8253e-09 0.0 -4.0673e-10 1.0
0.1253 0.0 0.9921 -3.6664e-09 -0.0 1.0 -0.0 0.0 -0.9921 0.0 0.1253 -3.0 7.8334e-11 0.0 1.2385e-09 1.0
0.1461 0.0 0.9893 1.8382e-08 0.0 1.0 -0.0 0.0 -0.9893 0.0 0.1461 -3.0 9.721e-09 0.0 4.1888e-10 1.0
0.1668 0.0 0.986 -1.4683e-08 -0.0 1.0 -0.0 0.0 -0.986 0.0 0.1668 -3.0 1.3912e-10 0.0 -1.6567e-09 1.0
0.1874 0.0 0.9823 1.8192e-09 0.0 1.0 -0.0 0.0 -0.9823 0.0 0.1874 -3.0 1.7596e-10 0.0 6.2206e-10 1.0
0.2079 0.0 0.9781 -2.179e-08 -0.0 1.0 -0.0 0.0 -0.9781 0.0 0.2079 -3.0 -4.3417e-10 0.0 -8.3622e-10 1.0
0.2284 0.0 0.9736 3.7689e-09 0.0 1.0 -0.0 0.0 -0.9736 0.0 0.2284 -3.0 9.4092e-09 0.0 2.0534e-09 1.0
0.2487 0.0 0.9686 -4.3072e-08 -0.0 1.0 -0.0 0.0 -0.9686 0.0 0.2487 -3.0 9.3099e-09 0.0 -2.603e-11 1.0
0.2689 0.0 0.9632 -4.6315e-08 -0.0 1.0 -0.0 0.0 -0.9632 0.0 0.2689 -3.0 -7.3189e-10 0.0 -4.5912e-09 1.0
0.289 0.0 0.9573 3.6114e-08 0.0 1.0 -0.0 0.0 -0.9573 0.0 0.289 -3.0 9.0861e-09 0.0 -1.708e-09 1.0
0.309 0.0 0.9511 -5.8755e-08 -0.0 1.0 -0.0 0.0 -0.9511 0.0 0.309 -3.0 4.8621e-10 0.0 -3.0698e-09 1.0
0.3289 0.0 0.9444 5.5912e-08 0.0 1.0 -0.0 0.0 -0.9444 0.0 0.3289 -3.0 5.5257e-10 0.0 -7.8347e-10 1.0
0.3486 0.0 0.9373 5.7143e-08 0.0 1.0 -0.0 0.0 -0.9373 0.0 0.3486 -3.0 -9.3111e-09 0.0 1.5043e-09 1.0
0.3681 0.0 0.9298 -8.8913e-08 -0.0 1.0 -0.0 0.0 -0.9298 0.0 0.3681 -3.0 8.5389e-09 0.0 2.3469e-09 1.0
0.3875 0.0 0.9219 5.9413e-08 0.0 1.0 -0.0 0.0 -0.9219 0.0 0.3875 -3.0 7.7622e-10 0.0 1.1174e-09 1.0
0.4067 0.0 0.9135 6.0447e-08 0.0 1.0 -0.0 0.0 -0.9135 0.0 0.4067 -3.0 8.5885e-10 0.0 -4.0406e-09 1.0
0.4258 0.0 0.9048 7.4787e-09 0.0 1.0 -0.0 0.0 -0.9048 0.0 0.4258 -3.0 9.4546e-10 0.0 -4.2297e-09 1.0
0.4446 0.0 0.8957 -4.4521e-08 -0.0 1.0 -0.0 0.0 -0.8957 0.0 0.4446 -3.0 -2.072e-09 0.0 3.8671e-09 1.0
0.4633 0.0 0.8862 -9.9827e-08 -0.0 1.0 -0.0 0.0 -0.8862 0.0 0.4633 -3.0 7.6732e-09 0.0 -7.2924e-10 1.0
0.4818 0.0 0.8763 1.1628e-08 0.0 1.0 -0.0 0.0 -0.8763 0.0 0.4818 -3.0 -8.7053e-09 0.0 1.8126e-10 1.0
0.5 0.0 0.866 3.8714e-08 0.0 1.0 -0.0 0.0 -0.866 0.0 0.5 -3.0 -8.6032e-09 0.0 0.0 1.0
0.518 0.0 0.8554 9.06e-08 0.0 1.0 -0.0 0.0 -0.8554 0.0 0.518 -3.0 1.4368e-09 0.0 -5.1461e-09 1.0
0.5358 0.0 0.8443 -8.0898e-08 -0.0 1.0 -0.0 0.0 -0.8443 0.0 0.5358 -3.0 -3.0929e-09 0.0 7.1181e-10 1.0
0.5534 0.0 0.8329 9.0856e-08 0.0 1.0 -0.0 0.0 -0.8329 0.0 0.5534 -3.0 1.6598e-09 0.0 -5.304e-10 1.0
0.5707 0.0 0.8211 -1.3274e-07 -0.0 1.0 -0.0 0.0 -0.8211 0.0 0.5707 -3.0 -3.5534e-09 0.0 -3.5621e-09 1.0
0.5878 0.0 0.809 4.2516e-08 0.0 1.0 -0.0 0.0 -0.809 0.0 0.5878 -3.0 -8.0369e-09 0.0 9.062e-09 1.0
0.6046 0.0 0.7965 4.3057e-08 0.0 1.0 -0.0 0.0 -0.7965 0.0 0.6046 -3.0 -7.9128e-09 0.0 8.895e-09 1.0
0.6211 0.0 0.7837 -3.1894e-09 -0.0 1.0 -0.0 0.0 -0.7837 0.0 0.6211 -3.0 2.1488e-09 0.0 8.7306e-09 1.0
0.6374 0.0 0.7705 4.3912e-08 0.0 1.0 -0.0 0.0 -0.7705 0.0 0.6374 -3.0 2.2797e-09 0.0 3.6019e-09 1.0
0.6534 0.0 0.757 -1.3357e-07 -0.0 1.0 -0.0 0.0 -0.757 0.0 0.6534 -3.0 -4.8281e-09 0.0 -1.9189e-09 1.0
0.6691 0.0 0.7431 -4.4622e-08 -0.0 1.0 -0.0 0.0 -0.7431 0.0 0.6691 -3.0 -1.362e-10 0.0 3.3603e-09 1.0
0.6845 0.0 0.729 -1.3268e-07 -0.0 1.0 -0.0 0.0 -0.729 0.0 0.6845 -3.0 -2.0286e-08 0.0 -2.1169e-08 1.0
0.6997 0.0 0.7145 2.1078e-09 0.0 1.0 -0.0 0.0 -0.7145 0.0 0.6997 -3.0 -7.0976e-09 0.0 -6.9505e-09 1.0
0.7145 0.0 0.6997 2.9905e-09 0.0 1.0 -0.0 0.0 -0.6997 0.0 0.7145 -3.0 -6.9505e-09 0.0 -7.0976e-09 1.0
0.729 0.0 0.6845 4.4615e-08 0.0 1.0 -0.0 0.0 -0.6845 0.0 0.729 -3.0 -6.8004e-09 0.0 -7.2417e-09 1.0
0.7431 0.0 0.6691 -4.9034e-08 -0.0 1.0 -0.0 0.0 -0.6691 0.0 0.7431 -3.0 -1.6067e-09 0.0 -5.1033e-09 1.0
0.757 0.0 0.6534 8.3171e-08 0.0 1.0 -0.0 0.0 -0.6534 0.0 0.757 -3.0 -1.5241e-09 0.0 2.414e-09 1.0
0.7705 0.0 0.6374 5.9182e-09 0.0 1.0 -0.0 0.0 -0.6374 0.0 0.7705 -3.0 3.6019e-09 0.0 2.2797e-09 1.0
0.7837 0.0 0.6211 6.4991e-09 0.0 1.0 -0.0 0.0 -0.6211 0.0 0.7837 -3.0 8.7306e-09 0.0 -7.7853e-09 1.0
0.7965 0.0 0.6046 -1.2215e-07 -0.0 1.0 -0.0 0.0 -0.6046 0.0 0.7965 -3.0 2.6913e-08 0.0 1.5826e-08 1.0
0.809 0.0 0.5878 -4.9996e-08 -0.0 1.0 -0.0 0.0 -0.5878 0.0 0.809 -3.0 -3.2229e-09 0.0 -3.7945e-09 1.0
0.8211 0.0 0.5707 -4.9782e-08 -0.0 1.0 -0.0 0.0 -0.5707 0.0 0.8211 -3.0 -3.5621e-09 0.0 6.3807e-09 1.0
0.8329 0.0 0.5534 4.121e-08 0.0 1.0 -0.0 0.0 -0.5534 0.0 0.8329 -3.0 -5.4975e-09 0.0 -8.2743e-09 1.0
0.8443 0.0 0.5358 4.0449e-08 0.0 1.0 -0.0 0.0 -0.5358 0.0 0.8443 -3.0 9.5782e-09 0.0 -8.3876e-09 1.0
0.8554 0.0 0.518 -1.1011e-07 -0.0 1.0 -0.0 0.0 -0.518 0.0 0.8554 -3.0 2.5193e-08 0.0 -4.261e-08 1.0
0.866 0.0 0.5 8.912e-09 0.0 1.0 -0.0 0.0 -0.5 0.0 0.866 -3.0 0.0 0.0 1.3309e-09 1.0
0.8763 0.0 0.4818 9.0296e-09 0.0 1.0 -0.0 0.0 -0.4818 0.0 0.8763 -3.0 -4.7858e-09 0.0 1.2288e-09 1.0
0.8862 0.0 0.4633 6.4323e-08 0.0 1.0 -0.0 0.0 -0.4633 0.0 0.8862 -3.0 3.6462e-10 0.0 -8.8036e-09 1.0
0.8957 0.0 0.4446 -4.4713e-08 -0.0 1.0 -0.0 0.0 -0.4446 0.0 0.8957 -3.0 -1.1e-09 0.0 7.8621e-09 1.0
0.9048 0.0 0.4258 9.0662e-09 0.0 1.0 -0.0 0.0 -0.4258 0.0 0.9048 -3.0 -4.2297e-09 0.0 9.4546e-10 1.0
0.9135 0.0 0.4067 -4.2199e-08 -0.0 1.0 -0.0 0.0 -0.4067 0.0 0.9135 -3.0 -1.853e-09 0.0 8.2164e-09 1.0
0.9219 0.0 0.3875 -4.0781e-08 -0.0 1.0 -0.0 0.0 -0.3875 0.0 0.9219 -3.0 2.7322e-09 0.0 -1.5524e-09 1.0
0.9298 0.0 0.3681 5.2544e-08 0.0 1.0 -0.0 0.0 -0.3681 0.0 0.9298 -3.0 3.7936e-09 0.0 3.05e-08 1.0
0.9373 0.0 0.3486 -7.9197e-08 -0.0 1.0 -0.0 0.0 -0.3486 0.0 0.9373 -3.0 1.4376e-08 0.0 -1.118e-08 1.0
0.9444 0.0 0.3289 8.1655e-09 0.0 1.0 -0.0 0.0 -0.3289 0.0 0.9444 -3.0 -3.267e-09 0.0 5.5257e-10 1.0
0.9511 0.0 0.309 7.1545e-08 0.0 1.0 -0.0 0.0 -0.309 0.0 0.9511 -3.0 -2.3451e-09 0.0 1.9448e-09 1.0
0.9573 0.0 0.289 -1.1921e-07 0.0 1.0 -0.0 0.0 -0.289 0.0 0.9573 -3.0 -2.8713e-09 0.0 -9.5101e-09 1.0
0.9632 0.0 0.2689 -9.637e-08 0.0 1.0 -0.0 0.0 -0.2689 0.0 0.9632 -3.0 -7.518e-10 0.0 -8.4703e-09 1.0
0.9686 0.0 0.2487 0.0 0.0 1.0 -0.0 0.0 -0.2487 0.0 0.9686 -3.0 1.3015e-11 0.0 3.121e-10 1.0
0.9736 0.0 0.2284 -1.8585e-08 0.0 1.0 -0.0 0.0 -0.2284 0.0 0.9736 -3.0 -4.3013e-10 0.0 9.4092e-09 1.0
0.9781 0.0 0.2079 2.0875e-08 0.0 1.0 -0.0 0.0 -0.2079 0.0 0.9781 -3.0 -8.3622e-10 0.0 9.4999e-09 1.0
0.9823 0.0 0.1874 9.0184e-08 0.0 1.0 -0.0 0.0 -0.1874 0.0 0.9823 -3.0 2.4812e-09 0.0 9.5822e-09 1.0
0.986 0.0 0.1668 1.4901e-08 0.0 1.0 -0.0 0.0 -0.1668 0.0 0.986 -3.0 -1.6567e-09 0.0 1.3912e-10 1.0
0.9893 0.0 0.1461 -2.9802e-08 0.0 1.0 -0.0 0.0 -0.1461 0.0 0.9893 -3.0 -2.0944e-10 0.0 -9.8275e-09 1.0
0.9921 0.0 0.1253 1.4901e-08 0.0 1.0 -0.0 0.0 -0.1253 0.0 0.9921 -3.0 -3.3102e-12 0.0 7.8334e-11 1.0
0.9945 0.0 0.1045 2.5059e-08 0.0 1.0 -0.0 0.0 -0.1045 0.0 0.9945 -3.0 8.3503e-10 0.0 9.8253e-09 1.0
0.9965 0.0 0.0837 -1.257e-08 0.0 1.0 -0.0 0.0 -0.0837 0.0 0.9965 -3.0 -8.4153e-10 0.0 1.3937e-10 1.0
0.998 0.0 0.0628 1.5e-08 0.0 1.0 -0.0 0.0 -0.0628 0.0 0.998 -3.0 5.7723e-12 0.0 9.8949e-09 1.0
0.9991 0.0 0.0419 -1.1832e-09 0.0 1.0 -0.0 0.0 -0.0419 0.0 0.9991 -3.0 -4.0977e-10 0.0 -1.7426e-11 1.0
0.9998 0.0 0.0209 1.8626e-09 0.0 1.0 -0.0 0.0 -0.0209 0.0 0.9998 -3.0 2.5762e-10 0.0 -9.9319e-09 1.0
1.0 0.0 2.8328e-16 2.647e-23 0.0 1.0 -0.0 0.0 -2.8328e-16 0.0 1.0 -3.0 3.8033e-24 0.0 0.0 1.0
0.9998 0.0 -0.0209 -1.8626e-09 0.0 1.0 -0.0 0.0 0.0209 0.0 0.9998 -3.0 -2.5762e-10 0.0 -9.9319e-09 1.0
0.9991 0.0 -0.0419 1.1832e-09 0.0 1.0 -0.0 0.0 0.0419 0.0 0.9991 -3.0 4.0977e-10 0.0 -1.7426e-11 1.0
0.998 0.0 -0.0628 -1.5e-08 0.0 1.0 -0.0 0.0 0.0628 0.0 0.998 -3.0 -5.7723e-12 0.0 9.8949e-09 1.0
0.9965 0.0 -0.0837 1.257e-08 0.0 1.0 -0.0 0.0 0.0837 0.0 0.9965 -3.0 8.4153e-10 0.0 1.3937e-10 1.0
0.9945 0.0 -0.1045 -2.5059e-08 0.0 1.0 -0.0 0.0 0.1045 0.0 0.9945 -3.0 -8.3503e-10 0.0 9.8253e-09 1.0
0.9921 0.0 -0.1253 -1.4901e-08 0.0 1.0 -0.0 0.0 0.1253 0.0 0.9921 -3.0 3.3102e-12 0.0 7.8334e-11 1.0
0.9893 0.0 -0.1461 2.9802e-08 0.0 1.0 -0.0 0.0 0.1461 0.0 0.9893 -3.0 2.0944e-10 0.0 -9.8275e-09 1.0
0.986 0.0 -0.1668 -1.4901e-08 0.0 1.0 -0.0 0.0 0.1668 0.0 0.986 -3.0 1.6567e-09 0.0 1.3912e-10 1.0
0.9823 0.0 -0.1874 -9.0184e-08 0.0 1.0 -0.0 0.0 0.1874 0.0 0.9823 -3.0 -2.4812e-09 0.0 9.5822e-09 1.0
0.9781 0.0 -0.2079 -2.0875e-08 0.0 1.0 -0.0 0.0 0.2079 0.0 0.9781 -3.0 8.3622e-10 0.0 9.4999e-09 1.0
0.9736 0.0 -0.2284 1.8585e-08 0.0 1.0 -0.0 0.0 0.2284 0.0 0.9736 -3.0 4.3013e-10 0.0 9.4092e-09 1.0
0.9686 0.0 -0.2487 0.0 0.0 1.0 -0.0 0.0 0.2487 0.0 0.9686 -3.0 -1.3015e-11 0.0 3.121e-10 1.0
0.9632 0.0 -0.2689 9.637e-08 0.0 1.0 -0.0 0.0 0.2689 0.0 0.9632 -3.0 7.518e-10 0.0 -8.4703e-09 1.0
0.9573 0.0 -0.289 1.1921e-07 0.0 1.0 -0.0 0.0 0.289 0.0 0.9573 -3.0 2.8713e-09 0.0 -9.5101e-09 1.0
0.9511 0.0 -0.309 -7.1545e-08 0.0 1.0 -0.0 0.0 0.309 0.0 0.9511 -3.0 2.3451e-09 0.0 1.9448e-09 1.0
0.9444 0.0 -0.3289 -8.1655e-09 0.0 1.0 -0.0 0.0 0.3289 0.0 0.9444 -3.0 3.267e-09 0.0 5.5257e-10 1.0
0.9373 0.0 -0.3486 7.9197e-08 0.0 1.0 -0.0 0.0 0.3486 0.0 0.9373 -3.0 -1.4376e-08 0.0 -1.118e-08 1.0
0.9298 0.0 -0.3681 -5.2544e-08 0.0 1.0 -0.0 0.0 0.3681 0.0 0.9298 -3.0 -3.7936e-09 0.0 3.05e-08 1.0
0.9219 0.0 -0.3875 4.0781e-08 0.0 1.0 -0.0 0.0 0.3875 0.0 0.9219 -3.0 -2.7322e-09 0.0 -1.5524e-09 1.0
0.9135 0.0 -0.4067 4.2199e-08 0.0 1.0 -0.0 0.0 0.4067 0.0 0.9135 -3.0 1.853e-09 0.0 8.2164e-09 1.0
0.9048 0.0 -0.4258 -9.0662e-09 0.0 1.0 -0.0 0.0 0.4258 0.0 0.9048 -3.0 4.2297e-09 0.0 9.4546e-10 1.0
0.8957 0.0 -0.4446 4.4713e-08 0.0 1.0 -0.0 0.0 0.4446 0.0 0.8957 -3.0 1.1e-09 0.0 7.8621e-09 1.0
0.8862 0.0 -0.4633 -6.4323e-08 0.0 1.0 -0.0 0.0 0.4633 0.0 0.8862 -3.0 -3.6462e-10 0.0 -8.8036e-09 1.0
0.8763 0.0 -0.4818 -9.0296e-09 0.0 1.0 -0.0 0.0 0.4818 0.0 0.8763 -3.0 4.7858e-09 0.0 1.2288e-09 1.0
0.866 0.0 -0.5 -8.912e-09 0.0 1.0 -0.0 0.0 0.5 0.0 0.866 -3.0 0.0 0.0 1.3309e-09 1.0
0.8554 0.0 -0.518 1.1011e-07 0.0 1.0 -0.0 0.0 0.518 0.0 0.8554 -3.0 -2.5193e-08 0.0 -4.261e-08 1.0
0.8443 0.0 -0.5358 -4.0449e-08 0.0 1.0 -0.0 0.0 0.5358 0.0 0.8443 -3.0 -9.5782e-09 0.0 -8.3876e-09 1.0
0.8329 0.0 -0.5534 -4.121e-08 0.0 1.0 -0.0 0.0 0.5534 0.0 0.8329 -3.0 5.4975e-09 0.0 -8.2743e-09 1.0
0.8211 0.0 -0.5707 4.9782e-08 0.0 1.0 -0.0 0.0 0.5707 0.0 0.8211 -3.0 3.5621e-09 0.0 6.3807e-09 1.0
0.809 0.0 -0.5878 4.9996e-08 0.0 1.0 -0.0 0.0 0.5878 0.0 0.809 -3.0 3.2229e-09 0.0 -3.7945e-09 1.0
0.7965 0.0 -0.6046 1.2215e-07 0.0 1.0 -0.0 0.0 0.6046 0.0 0.7965 -3.0 -2.6913e-08 0.0 1.5826e-08 1.0
0.7837 0.0 -0.6211 -6.4991e-09 0.0 1.0 -0.0 0.0 0.6211 0.0 0.7837 -3.0 -8.7306e-09 0.0 -7.7853e-09 1.0
0.7705 0.0 -0.6374 -5.9182e-09 0.0 1.0 -0.0 0.0 0.6374 0.0 0.7705 -3.0 -3.6019e-09 0.0 2.2797e-09 1.0
0.757 0.0 -0.6534 -8.3171e-08 0.0 1.0 -0.0 0.0 0.6534 0.0 0.757 -3.0 1.5241e-09 0.0 2.414e-09 1.0
0.7431 0.0 -0.6691 4.9034e-08 0.0 1.0 -0.0 0.0 0.6691 0.0 0.7431 -3.0 1.6067e-09 0.0 -5.1033e-09 1.0
0.729 0.0 -0.6845 -4.4615e-08 0.0 1.0 -0.0 0.0 0.6845 0.0 0.729 -3.0 6.8004e-09 0.0 -7.2417e-09 1.0
0.7145 0.0 -0.6997 -2.9905e-09 0.0 1.0 -0.0 0.0 0.6997 0.0 0.7145 -3.0 6.9505e-09 0.0 -7.0976e-09 1.0
0.6997 0.0 -0.7145 -2.1078e-09 0.0 1.0 -0.0 0.0 0.7145 0.0 0.6997 -3.0 7.0976e-09 0.0 -6.9505e-09 1.0
0.6845 0.0 -0.729 1.3268e-07 0.0 1.0 -0.0 0.0 0.729 0.0 0.6845 -3.0 2.0286e-08 0.0 -2.1169e-08 1.0
0.6691 0.0 -0.7431 4.4622e-08 0.0 1.0 -0.0 0.0 0.7431 0.0 0.6691 -3.0 1.362e-10 0.0 3.3603e-09 1.0
0.6534 0.0 -0.757 1.3357e-07 0.0 1.0 -0.0 0.0 0.757 0.0 0.6534 -3.0 4.8281e-09 0.0 -1.9189e-09 1.0
0.6374 0.0 -0.7705 -4.3912e-08 0.0 1.0 -0.0 0.0 0.7705 0.0 0.6374 -3.0 -2.2797e-09 0.0 3.6019e-09 1.0
0.6211 0.0 -0.7837 3.1894e-09 0.0 1.0 -0.0 0.0 0.7837 0.0 0.6211 -3.0 -2.1488e-09 0.0 8.7306e-09 1.0
0.6046 0.0 -0.7965 -4.3057e-08 0.0 1.0 -0.0 0.0 0.7965 0.0 0.6046 -3.0 7.9128e-09 0.0 8.895e-09 1.0
0.5878 0.0 -0.809 -4.2516e-08 0.0 1.0 -0.0 0.0 0.809 0.0 0.5878 -3.0 8.0369e-09 0.0 9.062e-09 1.0
0.5707 0.0 -0.8211 1.3274e-07 0.0 1.0 -0.0 0.0 0.8211 0.0 0.5707 -3.0 3.5534e-09 0.0 -3.5621e-09 1.0
0.5534 0.0 -0.8329 -9.0856e-08 0.0 1.0 -0.0 0.0 0.8329 0.0 0.5534 -3.0 -1.6598e-09 0.0 -5.304e-10 1.0
0.5358 0.0 -0.8443 8.0898e-08 0.0 1.0 -0.0 0.0 0.8443 0.0 0.5358 -3.0 3.0929e-09 0.0 7.1181e-10 1.0
0.518 0.0 -0.8554 -9.06e-08 0.0 1.0 -0.0 0.0 0.8554 0.0 0.518 -3.0 -1.4368e-09 0.0 -5.1461e-09 1.0
0.5 0.0 -0.866 -3.8714e-08 0.0 1.0 -0.0 0.0 0.866 0.0 0.5 -3.0 8.6032e-09 0.0 0.0 1.0
0.4818 0.0 -0.8763 -1.1628e-08 0.0 1.0 -0.0 0.0 0.8763 0.0 0.4818 -3.0 8.7053e-09 0.0 1.8126e-10 1.0
0.4633 0.0 -0.8862 9.9827e-08 0.0 1.0 -0.0 0.0 0.8862 0.0 0.4633 -3.0 -7.6732e-09 0.0 -7.2924e-10 1.0
0.4446 0.0 -0.8957 4.4521e-08 0.0 1.0 -0.0 0.0 0.8957 0.0 0.4446 -3.0 2.072e-09 0.0 3.8671e-09 1.0
0.4258 0.0 -0.9048 -7.4787e-09 0.0 1.0 -0.0 0.0 0.9048 0.0 0.4258 -3.0 -9.4546e-10 0.0 -4.2297e-09 1.0
0.4067 0.0 -0.9135 -6.0447e-08 0.0 1.0 -0.0 0.0 0.9135 0.0 0.4067 -3.0 -8.5885e-10 0.0 -4.0406e-09 1.0
0.3875 0.0 -0.9219 -5.9413e-08 0.0 1.0 -0.0 0.0 0.9219 0.0 0.3875 -3.0 -7.7622e-10 0.0 1.1174e-09 1.0
0.3681 0.0 -0.9298 8.8913e-08 0.0 1.0 -0.0 0.0 0.9298 0.0 0.3681 -3.0 -8.5389e-09 0.0 2.3469e-09 1.0
0.3486 0.0 -0.9373 -5.7143e-08 0.0 1.0 -0.0 0.0 0.9373 0.0 0.3486 -3.0 9.3111e-09 0.0 1.5043e-09 1.0
0.3289 0.0 -0.9444 -5.5912e-08 0.0 1.0 -0.0 0.0 0.9444 0.0 0.3289 -3.0 -5.5257e-10 0.0 -7.8347e-10 1.0
0.309 0.0 -0.9511 5.8755e-08 0.0 1.0 -0.0 0.0 0.9511 0.0 0.309 -3.0 -4.8621e-10 0.0 -3.0698e-09 1.0
0.289 0.0 -0.9573 -3.6114e-08 0.0 1.0 -0.0 0.0 0.9573 0.0 0.289 -3.0 -9.0861e-09 0.0 -1.708e-09 1.0
0.2689 0.0 -0.9632 4.6315e-08 0.0 1.0 -0.0 0.0 0.9632 0.0 0.2689 -3.0 7.3189e-10 0.0 -4.5912e-09 1.0
0.2487 0.0 -0.9686 4.3072e-08 0.0 1.0 -0.0 0.0 0.9686 0.0 0.2487 -3.0 -9.3099e-09 0.0 -2.603e-11 1.0
0.2284 0.0 -0.9736 -3.7689e-09 0.0 1.0 -0.0 0.0 0.9736 0.0 0.2284 -3.0 -9.4092e-09 0.0 2.0534e-09 1.0
0.2079 0.0 -0.9781 2.179e-08 0.0 1.0 -0.0 0.0 0.9781 0.0 0.2079 -3.0 4.3417e-10 0.0 -8.3622e-10 1.0
0.1874 0.0 -0.9823 -1.8192e-09 0.0 1.0 -0.0 0.0 0.9823 0.0 0.1874 -3.0 -1.7596e-10 0.0 6.2206e-10 1.0
0.1668 0.0 -0.986 1.4683e-08 0.0 1.0 -0.0 0.0 0.986 0.0 0.1668 -3.0 -1.3912e-10 0.0 -1.6567e-09 1.0
0.1461 0.0 -0.9893 -1.8382e-08 0.0 1.0 -0.0 0.0 0.9893 0.0 0.1461 -3.0 -9.721e-09 0.0 4.1888e-10 1.0
0.1253 0.0 -0.9921 3.6664e-09 0.0 1.0 -0.0 0.0 0.9921 0.0 0.1253 -3.0 -7.8334e-11 0.0 1.2385e-09 1.0
0.1045 0.0 -0.9945 1.1179e-08 0.0 1.0 -0.0 0.0 0.9945 0.0 0.1045 -3.0 -9.8253e-09 0.0 -4.0673e-10 1.0
0.0837 0.0 -0.9965 2.2335e-08 0.0 1.0 -0.0 0.0 0.9965 0.0 0.0837 -3.0 6.9679e-11 0.0 1.0416e-09 1.0
0.0628 0.0 -0.998 1.8642e-08 0.0 1.0 -0.0 0.0 0.998 0.0 0.0628 -3.0 3.9204e-11 0.0 5.7723e-12 1.0
0.0419 0.0 -0.9991 3.7337e-11 0.0 1.0 -0.0 0.0 0.9991 0.0 0.0419 -3.0 -9.9167e-09 0.0 5.2155e-10 1.0
0.0209 0.0 -0.9998 -1.9012e-09 0.0 1.0 -0.0 0.0 0.9998 0.0 0.0209 -3.0 -8.7184e-12 0.0 -5.6075e-11 1.0
5.6655e-16 0.0 -1.0 2.2857e-24 0.0 1.0 -0.0 0.0 1.0 0.0 5.6655e-16 -3.0 0.0 0.0 3.1951e-24 1.0
-0.0209 0.0 -0.9998 1.9012e-09 0.0 1.0 -0.0 0.0 0.9998 0.0 -0.0209 -3.0 -8.7184e-12 0.0 5.6075e-11 1.0
-0.0419 0.0 -0.9991 -3.7337e-11 0.0 1.0 -0.0 0.0 0.9991 0.0 -0.0419 -3.0 -9.9167e-09 0.0 -5.2155e-10 1.0
-0.0628 0.0 -0.998 -1.8642e-08 0.0 1.0 -0.0 0.0 0.998 0.0 -0.0628 -3.0 3.9204e-11 0.0 -5.7723e-12 1.0
-0.0837 0.0 -0.9965 -2.2335e-08 0.0 1.0 -0.0 0.0 0.9965 0.0 -0.0837 -3.0 6.9679e-11 0.0 -1.0416e-09 1.0
-0.1045 0.0 -0.9945 -1.1179e-08 0.0 1.0 -0.0 0.0 0.9945 0.0 -0.1045 -3.0 -9.8253e-09 0.0 4.0673e-10 1.0
-0.1253 0.0 -0.9921 -3.6664e-09 0.0 1.0 -0.0 0.0 0.9921 0.0 -0.1253 -3.0 -7.8334e-11 0.0 -1.2385e-09 1.0
-0.1461 0.0 -0.9893 1.8382e-08 0.0 1.0 -0.0 0.0 0.9893 0.0 -0.1461 -3.0 -9.721e-09 0.0 -4.1888e-10 1.0
-0.1668 0.0 -0.986 -1.4683e-08 0.0 1.0 -0.0 0.0 0.986 0.0 -0.1668 -3.0 -1.3912e-10 0.0 1.6567e-09 1.0
-0.1874 0.0 -0.9823 1.8192e-09 0.0 1.0 -0.0 0.0 0.9823 0.0 -0.1874 -3.0 -1.7596e-10 0.0 -6.2206e-10 1.0
-0.2079 0.0 -0.9781 -2.179e-08 0.0 1.0 -0.0 0.0 0.9781 0.0 -0.2079 -3.0 4.3417e-10 0.0 8.3622e-10 1.0
-0.2284 0.0 -0.9736 3.7689e-09 0.0 1.0 -0.0 0.0 0.9736 0.0 -0.2284 -3.0 -9.4092e-09 0.0 -2.0534e-09 1.0
-0.2487 0.0 -0.9686 -4.3072e-08 0.0 1.0 -0.0 0.0 0.9686 0.0 -0.2487 -3.0 -9.3099e-09 0.0 2.603e-11 1.0
-0.2689 0.0 -0.9632 -4.6315e-08 0.0 1.0 -0.0 0.0 0.9632 0.0 -0.2689 -3.0 7.3189e-10 0.0 4.5912e-09 1.0
-0.289 0.0 -0.9573 3.6114e-08 0.0 1.0 -0.0 0.0 0.9573 0.0 -0.289 -3.0 -9.0861e-09 0.0 1.708e-09 1.0
-0.309 0.0 -0.9511 -5.8755e-08 0.0 1.0 -0.0 0.0 0.9511 0.0 -0.309 -3.0 -4.8621e-10 0.0 3.0698e-09 1.0
-0.3289 0.0 -0.9444 5.5912e-08 0.0 1.0 -0.0 0.0 0.9444 0.0 -0.3289 -3.0 -5.5257e-10 0.0 7.8347e-10 1.0
-0.3486 0.0 -0.9373 5.7143e-08 0.0 1.0 -0.0 0.0 0.9373 0.0 -0.3486 -3.0 9.3111e-09 0.0 -1.5043e-09 1.0
-0.3681 0.0 -0.9298 -8.8913e-08 0.0 1.0 -0.0 0.0 0.9298 0.0 -0.3681 -3.0 -8.5389e-09 0.0 -2.3469e-09 1.0
-0.3875 0.0 -0.9219 5.9413e-08 0.0 1.0 -0.0 0.0 0.9219 0.0 -0.3875 -3.0 -7.7622e-10 0.0 -1.1174e-09 1.0
-0.4067 0.0 -0.9135 6.0447e-08 0.0 1.0 -0.0 0.0 0.9135 0.0 -0.4067 -3.0 -8.5885e-10 0.0 4.0406e-09 1.0
-0.4258 0.0 -0.9048 7.4787e-09 0.0 1.0 -0.0 0.0 0.9048 0.0 -0.4258 -3.0 -9.4546e-10 0.0 4.2297e-09 1.0
-0.4446 0.0 -0.8957 -4.4521e-08 0.0 1.0 -0.0 0.0 0.8957 0.0 -0.4446 -3.0 2.072e-09 0.0 -3.8671e-09 1.0
-0.4633 0.0 -0.8862 -9.9827e-08 0.0 1.0 -0.0 0.0 0.8862 0.0 -0.4633 -3.0 -7.6732e-09 0.0 7.2924e-10 1.0
-0.4818 0.0 -0.8763 1.1628e-08 0.0 1.0 -0.0 0.0 0.8763 0.0 -0.4818 -3.0 8.7053e-09 0.0 -1.8126e-10 1.0
-0.5 0.0 -0.866 3.8714e-08 0.0 1.0 -0.0 0.0 0.866 0.0 -0.5 -3.0 8.6032e-09 0.0 0.0 1.0
-0.518 0.0 -0.8554 9.06e-08 0.0 1.0 -0.0 0.0 0.8554 0.0 -0.518 -3.0 -1.4368e-09 0.0 5.1461e-09 1.0
-0.5358 0.0 -0.8443 -8.0898e-08 0.0 1.0 -0.0 0.0 0.8443 0.0 -0.5358 -3.0 3.0929e-09 0.0 -7.1181e-10 1.0
-0.5534 0.0 -0.8329 9.0856e-08 0.0 1.0 -0.0 0.0 0.8329 0.0 -0.5534 -3.0 -1.6598e-09 0.0 5.304e-10 1.0
-0.5707 0.0 -0.8211 -1.3274e-07 0.0 1.0 -0.0 0.0 0.8211 0.0 -0.5707 -3.0 3.5534e-09 0.0 3.5621e-09 1.0
-0.5878 0.0 -0.809 4.2516e-08 0.0 1.0 -0.0 0.0 0.809 0.0 -0.5878 -3.0 8.0369e-09 0.0 -9.062e-09 1.0
-0.6046 0.0 -0.7965 4.3057e-08 0.0 1.0 -0.0 0.0 0.7965 0.0 -0.6046 -3.0 7.9128e-09 0.0 -8.895e-09 1.0
-0.6211 0.0 -0.7837 -3.1894e-09 0.0 1.0 -0.0 0.0 0.7837 0.0 -0.6211 -3.0 -2.1488e-09 0.0 -8.7306e-09 1.0
-0.6374 0.0 -0.7705 4.3912e-08 0.0 1.0 -0.0 0.0 0.7705 0.0 -0.6374 -3.0 -2.2797e-09 0.0 -3.6019e-09 1.0
-0.6534 0.0 -0.757 -1.3357e-07 0.0 1.0 -0.0 0.0 0.757 0.0 -0.6534 -3.0 4.8281e-09 0.0 1.9189e-09 1.0
-0.6691 0.0 -0.7431 -4.4622e-08 0.0 1.0 -0.0 0.0 0.7431 0.0 -0.6691 -3.0 1.362e-10 0.0 -3.3603e-09 1.0
-0.6845 0.0 -0.729 -1.3268e-07 0.0 1.0 -0.0 0.0 0.729 0.0 -0.6845 -3.0 2.0286e-08 0.0 2.1169e-08 1.0
-0.6997 0.0 -0.7145 2.1078e-09 0.0 1.0 -0.0 0.0 0.7145 0.0 -0.6997 -3.0 7.0976e-09 0.0 6.9505e-09 1.0
-0.7145 0.0 -0.6997 2.9905e-09 0.0 1.0 -0.0 0.0 0.6997 0.0 -0.7145 -3.0 6.9505e-09 0.0 7.0976e-09 1.0
-0.729 0.0 -0.6845 4.4615e-08 0.0 1.0 -0.0 0.0 0.6845 0.0 -0.729 -3.0 6.8004e-09 0.0 7.2417e-09 1.0
-0.7431 0.0 -0.6691 -4.9034e-08 0.0 1.0 -0.0 0.0 0.6691 0.0 -0.7431 -3.0 1.6067e-09 0.0 5.1033e-09 1.0
-0.757 0.0 -0.6534 8.3171e-08 0.0 1.0 -0.0 0.0 0.6534 0.0 -0.757 -3.0 1.5241e-09 0.0 -2.414e-09 1.0
-0.7705 0.0 -0.6374 5.9182e-09 0.0 1.0 -0.0 0.0 0.6374 0.0 -0.7705 -3.0 -3.6019e-09 0.0 -2.2797e-09 1.0
-0.7837 0.0 -0.6211 6.4991e-09 0.0 1.0 -0.0 0.0 0.6211 0.0 -0.7837 -3.0 -8.7306e-09 0.0 7.7853e-09 1.0
-0.7965 0.0 -0.6046 -1.2215e-07 0.0 1.0 -0.0 0.0 0.6046 0.0 -0.7965 -3.0 -2.6913e-08 0.0 -1.5826e-08 1.0
-0.809 0.0 -0.5878 -4.9996e-08 0.0 1.0 -0.0 0.0 0.5878 0.0 -0.809 -3.0 3.2229e-09 0.0 3.7945e-09 1.0
-0.8211 0.0 -0.5707 -4.9782e-08 0.0 1.0 -0.0 0.0 0.5707 0.0 -0.8211 -3.0 3.5621e-09 0.0 -6.3807e-09 1.0
-0.8329 0.0 -0.5534 4.121e-08 0.0 1.0 -0.0 0.0 0.5534 0.0 -0.8329 -3.0 5.4975e-09 0.0 8.2743e-09 1.0
-0.8443 0.0 -0.5358 4.0449e-08 0.0 1.0 -0.0 0.0 0.5358 0.0 -0.8443 -3.0 -9.5782e-09 0.0 8.3876e-09 1.0
-0.8554 0.0 -0.518 -1.1011e-07 0.0 1.0 -0.0 0.0 0.518 0.0 -0.8554 -3.0 -2.5193e-08 0.0 4.261e-08 1.0
-0.866 0.0 -0.5 8.912e-09 0.0 1.0 -0.0 0.0 0.5 0.0 -0.866 -3.0 0.0 0.0 -1.3309e-09 1.0
-0.8763 0.0 -0.4818 9.0296e-09 0.0 1.0 -0.0 0.0 0.4818 0.0 -0.8763 -3.0 4.7858e-09 0.0 -1.2288e-09 1.0
-0.8862 0.0 -0.4633 6.4323e-08 0.0 1.0 -0.0 0.0 0.4633 0.0 -0.8862 -3.0 -3.6462e-10 0.0 8.8036e-09 1.0
-0.8957 0.0 -0.4446 -4.4713e-08 0.0 1.0 -0.0 0.0 0.4446 0.0 -0.8957 -3.0 1.1e-09 0.0 -7.8621e-09 1.0
-0.9048 0.0 -0.4258 9.0662e-09 0.0 1.0 -0.0 0.0 0.4258 0.0 -0.9048 -3.0 4.2297e-09 0.0 -9.4546e-10 1.0
-0.9135 0.0 -0.4067 -4.2199e-08 0.0 1.0 -0.0 0.0 0.4067 0.0 -0.9135 -3.0 1.853e-09 0.0 -8.2164e-09 1.0
-0.9219 0.0 -0.3875 -4.0781e-08 0.0 1.0 -0.0 0.0 0.3875 0.0 -0.9219 -3.0 -2.7322e-09 0.0 1.5524e-09 1.0
-0.9298 0.0 -0.3681 5.2544e-08 0.0 1.0 -0.0 0.0 0.3681 0.0 -0.9298 -3.0 -3.7936e-09 0.0 -3.05e-08 1.0
-0.9373 0.0 -0.3486 -7.9197e-08 0.0 1.0 -0.0 0.0 0.3486 0.0 -0.9373 -3.0 -1.4376e-08 0.0 1.118e-08 1.0
-0.9444 0.0 -0.3289 8.1655e-09 0.0 1.0 -0.0 0.0 0.3289 0.0 -0.9444 -3.0 3.267e-09 0.0 -5.5257e-10 1.0
-0.9511 0.0 -0.309 7.1545e-08 0.0 1.0 -0.0 0.0 0.309 0.0 -0.9511 -3.0 2.3451e-09 0.0 -1.9448e-09 1.0
-0.9573 0.0 -0.289 -1.1921e-07 0.0 1.0 -0.0 0.0 0.289 0.0 -0.9573 -3.0 2.8713e-09 0.0 9.5101e-09 1.0
-0.9632 0.0 -0.2689 -9.637e-08 0.0 1.0 -0.0 0.0 0.2689 0.0 -0.9632 -3.0 7.518e-10 0.0 8.4703e-09 1.0
-0.9686 0.0 -0.2487 0.0 0.0 1.0 -0.0 0.0 0.2487 0.0 -0.9686 -3.0 -1.3015e-11 0.0 -3.121e-10 1.0
-0.9736 0.0 -0.2284 -1.8585e-08 0.0 1.0 -0.0 0.0 0.2284 0.0 -0.9736 -3.0 4.3013e-10 0.0 -9.4092e-09 1.0
-0.9781 0.0 -0.2079 2.0875e-08 0.0 1.0 -0.0 0.0 0.2079 0.0 -0.9781 -3.0 8.3622e-10 0.0 -9.4999e-09 1.0
-0.9823 0.0 -0.1874 9.0184e-08 0.0 1.0 -0.0 0.0 0.1874 0.0 -0.9823 -3.0 -2.4812e-09 0.0 -9.5822e-09 1.0
-0.986 0.0 -0.1668 1.4901e-08 0.0 1.0 -0.0 0.0 0.1668 0.0 -0.986 -3.0 1.6567e-09 0.0 -1.3912e-10 1.0
-0.9893 0.0 -0.1461 -2.9802e-08 0.0 1.0 -0.0 0.0 0.1461 0.0 -0.9893 -3.0 2.0944e-10 0.0 9.8275e-09 1.0
-0.9921 0.0 -0.1253 1.4901e-08 0.0 1.0 -0.0 0.0 0.1253 0.0 -0.9921 -3.0 3.3102e-12 0.0 -7.8334e-11 1.0
-0.9945 0.0 -0.1045 2.5059e-08 0.0 1.0 -0.0 0.0 0.1045 0.0 -0.9945 -3.0 -8.3503e-10 0.0 -9.8253e-09 1.0
-0.9965 0.0 -0.0837 -1.257e-08 0.0 1.0 -0.0 0.0 0.0837 0.0 -0.9965 -3.0 8.4153e-10 0.0 -1.3937e-10 1.0
-0.998 0.0 -0.0628 1.5e-08 0.0 1.0 -0.0 0.0 0.0628 0.0 -0.998 -3.0 -5.7723e-12 0.0 -9.8949e-09 1.0
-0.9991 0.0 -0.0419 -1.1832e-09 0.0 1.0 -0.0 0.0 0.0419 0.0 -0.9991 -3.0 4.0977e-10 0.0 1.7426e-11 1.0
-0.9998 0.0 -0.0209 1.8626e-09 0.0 1.0 -0.0 0.0 0.0209 0.0 -0.9998 -3.0 -2.5762e-10 0.0 9.9319e-09 1.0
-1.0 0.0 -1.837e-16 1.3235e-23 0.0 1.0 -0.0 0.0 1.837e-16 0.0 -1.0 -3.0 1.8249e-24 0.0 0.0 1.0
-0.9998 0.0 0.0209 -1.8626e-09 0.0 1.0 -0.0 0.0 -0.0209 0.0 -0.9998 -3.0 2.5762e-10 0.0 9.9319e-09 1.0
-0.9991 0.0 0.0419 1.1832e-09 0.0 1.0 -0.0 0.0 -0.0419 0.0 -0.9991 -3.0 -4.0977e-10 0.0 1.7426e-11 1.0
-0.998 0.0 0.0628 -1.5e-08 0.0 1.0 -0.0 0.0 -0.0628 0.0 -0.998 -3.0 5.7723e-12 0.0 -9.8949e-09 1.0
-0.9965 0.0 0.0837 1.257e-08 0.0 1.0 -0.0 0.0 -0.0837 0.0 -0.9965 -3.0 -8.4153e-10 0.0 -1.3937e-10 1.0
-0.9945 0.0 0.1045 -2.5059e-08 0.0 1.0 -0.0 0.0 -0.1045 0.0 -0.9945 -3.0 8.3503e-10 0.0 -9.8253e-09 1.0
-0.9921 0.0 0.1253 -1.4901e-08 0.0 1.0 -0.0 0.0 -0.1253 0.0 -0.9921 -3.0 -3.3102e-12 0.0 -7.8334e-11 1.0
-0.9893 0.0 0.1461 2.9802e-08 0.0 1.0 -0.0 0.0 -0.1461 0.0 -0.9893 -3.0 -2.0944e-10 0.0 9.8275e-09 1.0
-0.986 0.0 0.1668 -1.4901e-08 0.0 1.0 -0.0 0.0 -0.1668 0.0 -0.986 -3.0 -1.6567e-09 0.0 -1.3912e-10 1.0
-0.9823 0.0 0.1874 -9.0184e-08 0.0 1.0 -0.0 0.0 -0.1874 0.0 -0.9823 -3.0 2.4812e-09 0.0 -9.5822e-09 1.0
-0.9781 0.0 0.2079 -2.0875e-08 0.0 1.0 -0.0 0.0 -0.2079 0.0 -0.9781 -3.0 -8.3622e-10 0.0 -9.4999e-09 1.0
-0.9736 0.0 0.2284 1.8585e-08 0.0 1.0 -0.0 0.0 -0.2284 0.0 -0.9736 -3.0 -4.3013e-10 0.0 -9.4092e-09 1.0
-0.9686 0.0 0.2487 0.0 0.0 1.0 -0.0 0.0 -0.2487 0.0 -0.9686 -3.0 1.3015e-11 0.0 -3.121e-10 1.0
-0.9632 0.0 0.2689 9.637e-08 0.0 1.0 -0.0 0.0 -0.2689 0.0 -0.9632 -3.0 -7.518e-10 0.0 8.4703e-09 1.0
-0.9573 0.0 0.289 1.1921e-07 0.0 1.0 -0.0 0.0 -0.289 0.0 -0.9573 -3.0 -2.8713e-09 0.0 9.5101e-09 1.0
-0.9511 0.0 0.309 -7.1545e-08 0.0 1.0 -0.0 0.0 -0.309 0.0 -0.9511 -3.0 -2.3451e-09 0.0 -1.9448e-09 1.0
-0.9444 0.0 0.3289 -8.1655e-09 -0.0 1.0 -0.0 0.0 -0.3289 0.0 -0.9444 -3.0 -3.267e-09 0.0 -5.5257e-10 1.0
-0.9373 0.0 0.3486 7.9197e-08 0.0 1.0 -0.0 0.0 -0.3486 0.0 -0.9373 -3.0 1.4376e-08 0.0 1.118e-08 1.0
-0.9298 0.0 0.3681 -5.2544e-08 -0.0 1.0 -0.0 0.0 -0.3681 0.0 -0.9298 -3.0 3.7936e-09 0.0 -3.05e-08 1.0
-0.9219 0.0 0.3875 4.0781e-08 0.0 1.0 -0.0 0.0 -0.3875 0.0 -0.9219 -3.0 2.7322e-09 0.0 1.5524e-09 1.0
-0.9135 0.0 0.4067 4.2199e-08 0.0 1.0 -0.0 0.0 -0.4067 0.0 -0.9135 -3.0 -1.853e-09 0.0 -8.2164e-09 1.0
-0.9048 0.0 0.4258 -9.0662e-09 -0.0 1.0 -0.0 0.0 -0.4258 0.0 -0.9048 -3.0 -4.2297e-09 0.0 -9.4546e-10 1.0
-0.8957 0.0 0.4446 4.4713e-08 0.0 1.0 -0.0 0.0 -0.4446 0.0 -0.8957 -3.0 -1.1e-09 0.0 -7.8621e-09 1.0
-0.8862 0.0 0.4633 -6.4323e-08 -0.0 1.0 -0.0 0.0 -0.4633 0.0 -0.8862 -3.0 3.6462e-10 0.0 8.8036e-09 1.0
-0.8763 0.0 0.4818 -9.0296e-09 -0.0 1.0 -0.0 0.0 -0.4818 0.0 -0.8763 -3.0 -4.7858e-09 0.0 -1.2288e-09 1.0
-0.866 0.0 0.5 -8.912e-09 -0.0 1.0 -0.0 0.0 -0.5 0.0 -0.866 -3.0 0.0 0.0 -1.3309e-09 1.0
-0.8554 0.0 0.518 1.1011e-07 0.0 1.0 -0.0 0.0 -0.518 0.0 -0.8554 -3.0 2.5193e-08 0.0 4.261e-08 1.0
-0.8443 0.0 0.5358 -4.0449e-08 -0.0 1.0 -0.0 0.0 -0.5358 0.0 -0.8443 -3.0 9.5782e-09 0.0 8.3876e-09 1.0
-0.8329 0.0 0.5534 -4.121e-08 -0.0 1.0 -0.0 0.0 -0.5534 0.0 -0.8329 -3.0 -5.4975e-09 0.0 8.2743e-09 1.0
-0.8211 0.0 0.5707 4.9782e-08 0.0 1.0 -0.0 0.0 -0.5707 0.0 -0.8211 -3.0 -3.5621e-09 0.0 -6.3807e-09 1.0
-0.809 0.0 0.5878 4.9996e-08 0.0 1.0 -0.0 0.0 -0.5878 0.0 -0.809 -3.0 -3.2229e-09 0.0 3.7945e-09 1.0
-0.7965 0.0 0.6046 1.2215e-07 0.0 1.0 -0.0 0.0 -0.6046 0.0 -0.7965 -3.0 2.6913e-08 0.0 -1.5826e-08 1.0
-0.7837 0.0 0.6211 -6.4991e-09 -0.0 1.0 -0.0 0.0 -0.6211 0.0 -0.7837 -3.0 8.7306e-09 0.0 7.7853e-09 1.0
-0.7705 0.0 0.6374 -5.9182e-09 -0.0 1.0 -0.0 0.0 -0.6374 0.0 -0.7705 -3.0 3.6019e-09 0.0 -2.2797e-09 1.0
-0.757 0.0 0.6534 -8.3171e-08 -0.0 1.0 -0.0 0.0 -0.6534 0.0 -0.757 -3.0 -1.5241e-09 0.0 -2.414e-09 1.0
-0.7431 0.0 0.6691 4.9034e-08 0.0 1.0 -0.0 0.0 -0.6691 0.0 -0.7431 -3.0 -1.6067e-09 0.0 5.1033e-09 1.0
-0.729 0.0 0.6845 -4.4615e-08 -0.0 1.0 -0.0 0.0 -0.6845 0.0 -0.729 -3.0 -6.8004e-09 0.0 7.2417e-09 1.0
-0.7145 0.0 0.6997 -2.9905e-09 -0.0 1.0 -0.0 0.0 -0.6997 0.0 -0.7145 -3.0 -6.9505e-09 0.0 7.0976e-09 1.0
-0.6997 0.0 0.7145 -2.1078e-09 -0.0 1.0 -0.0 0.0 -0.7145 0.0 -0.6997 -3.0 -7.0976e-09 0.0 6.9505e-09 1.0
-0.6845 0.0 0.729 1.3268e-07 0.0 1.0 -0.0 0.0 -0.729 0.0 -0.6845 -3.0 -2.0286e-08 0.0 2.1169e-08 1.0
-0.6691 0.0 0.7431 4.4622e-08 0.0 1.0 -0.0 0.0 -0.7431 0.0 -0.6691 -3.0 -1.362e-10 0.0 -3.3603e-09 1.0
-0.6534 0.0 0.757 1.3357e-07 0.0 1.0 -0.0 0.0 -0.757 0.0 -0.6534 -3.0 -4.8281e-09 0.0 1.9189e-09 1.0
-0.6374 0.0 0.7705 -4.3912e-08 -0.0 1.0 -0.0 0.0 -0.7705 0.0 -0.6374 -3.0 2.2797e-09 0.0 -3.6019e-09 1.0
-0.6211 0.0 0.7837 3.1894e-09 0.0 1.0 -0.0 0.0 -0.7837 0.0 -0.6211 -3.0 2.1488e-09 0.0 -8.7306e-09 1.0
-0.6046 0.0 0.7965 -4.3057e-08 -0.0 1.0 -0.0 0.0 -0.7965 0.0 -0.6046 -3.0 -7.9128e-09 0.0 -8.895e-09 1.0
-0.5878 0.0 0.809 -4.2516e-08 -0.0 1.0 -0.0 0.0 -0.809 0.0 -0.5878 -3.0 -8.0369e-09 0.0 -9.062e-09 1.0
-0.5707 0.0 0.8211 1.3274e-07 0.0 1.0 -0.0 0.0 -0.8211 0.0 -0.5707 -3.0 -3.5534e-09 0.0 3.5621e-09 1.0
-0.5534 0.0 0.8329 -9.0856e-08 -0.0 1.0 -0.0 0.0 -0.8329 0.0 -0.5534 -3.0 1.6598e-09 0.0 5.304e-10 1.0
-0.5358 0.0 0.8443 8.0898e-08 0.0 1.0 -0.0 0.0 -0.8443 0.0 -0.5358 -3.0 -3.0929e-09 0.0 -7.1181e-10 1.0
-0.518 0.0 0.8554 -9.06e-08 -0.0 1.0 -0.0 0.0 -0.8554 0.0 -0.518 -3.0 1.4368e-09 0.0 5.1461e-09 1.0
-0.5 0.0 0.866 -3.8714e-08 -0.0 1.0 -0.0 0.0 -0.866 0.0 -0.5 -3.0 -8.6032e-09 0.0 0.0 1.0
-0.4818 0.0 0.8763 -1.1628e-08 -0.0 1.0 -0.0 0.0 -0.8763 0.0 -0.4818 -3.0 -8.7053e-09 0.0 -1.8126e-10 1.0
-0.4633 0.0 0.8862 9.9827e-08 0.0 1.0 -0.0 0.0 -0.8862 0.0 -0.4633 -3.0 7.6732e-09 0.0 7.2924e-10 1.0
-0.4446 0.0 0.8957 4.4521e-08 0.0 1.0 -0.0 0.0 -0.8957 0.0 -0.4446 -3.0 -2.072e-09 0.0 -3.8671e-09 1.0
-0.4258 0.0 0.9048 -7.4787e-09 -0.0 1.0 -0.0 0.0 -0.9048 0.0 -0.4258 -3.0 9.4546e-10 0.0 4.2297e-09 1.0
-0.4067 0.0 0.9135 -6.0447e-08 -0.0 1.0 -0.0 0.0 -0.9135 0.0 -0.4067 -3.0 8.5885e-10 0.0 4.0406e-09 1.0
-0.3875 0.0 0.9219 -5.9413e-08 -0.0 1.0 -0.0 0.0 -0.9219 0.0 -0.3875 -3.0 7.7622e-10 0.0 -1.1174e-09 1.0
-0.3681 0.0 0.9298 8.8913e-08 0.0 1.0 -0.0 0.0 -0.9298 0.0 -0.3681 -3.0 8.5389e-09 0.0 -2.3469e-09 1.0
-0.3486 0.0 0.9373 -5.7143e-08 -0.0 1.0 -0.0 0.0 -0.9373 0.0 -0.3486 -3.0 -9.3111e-09 0.0 -1.5043e-09 1.0
-0.3289 0.0 0.9444 -5.5912e-08 -0.0 1.0 -0.0 0.0 -0.9444 0.0 -0.3289 -3.0 5.5257e-10 0.0 7.8347e-10 1.0
-0.309 0.0 0.9511 5.8755e-08 0.0 1.0 -0.0 0.0 -0.9511 0.0 -0.309 -3.0 4.8621e-10 0.0 3.0698e-09 1.0
-0.289 0.0 0.9573 -3.6114e-08 -0.0 1.0 -0.0 0.0 -0.9573 0.0 -0.289 -3.0 9.0861e-09 0.0 1.708e-09 1.0
-0.2689 0.0 0.9632 4.6315e-08 0.0 1.0 -0.0 0.0 -0.9632 0.0 -0.2689 -3.0 -7.3189e-10 0.0 4.5912e-09 1.0
-0.2487 0.0 0.9686 4.3072e-08 0.0 1.0 -0.0 0.0 -0.9686 0.0 -0.2487 -3.0 9.3099e-09 0.0 2.603e-11 1.0
-0.2284 0.0 0.9736 -3.7689e-09 -0.0 1.0 -0.0 0.0 -0.9736 0.0 -0.2284 -3.0 9.4092e-09 0.0 -2.0534e-09 1.0
-0.2079 0.0 0.9781 2.179e-08 0.0 1.0 -0.0 0.0 -0.9781 0.0 -0.2079 -3.0 -4.3417e-10 0.0 8.3622e-10 1.0
-0.1874 0.0 0.9823 -1.8192e-09 -0.0 1.0 -0.0 0.0 -0.9823 0.0 -0.1874 -3.0 1.7596e-10 0.0 -6.2206e-10 1.0
-0.1668 0.0 0.986 1.4683e-08 0.0 1.0 -0.0 0.0 -0.986 0.0 -0.1668 -3.0 1.3912e-10 0.0 1.6567e-09 1.0
-0.1461 0.0 0.9893 -1.8382e-08 -0.0 1.0 -0.0 0.0 -0.9893 0.0 -0.1461 -3.0 9.721e-09 0.0 -4.1888e-10 1.0
-0.1253 0.0 0.9921 3.6664e-09 0.0 1.0 -0.0 0.0 -0.9921 0.0 -0.1253 -3.0 7.8334e-11 0.0 -1.2385e-09 1.0
-0.1045 0.0 0.9945 1.1179e-08 0.0 1.0 -0.0 0.0 -0.9945 0.0 -0.1045 -3.0 9.8253e-09 0.0 4.0673e-10 1.0
-0.0837 0.0 0.9965 2.2335e-08 0.0 1.0 -0.0 0.0 -0.9965 0.0 -0.0837 -3.0 -6.9679e-11 0.0 -1.0416e-09 1.0
-0.0628 0.0 0.998 1.8642e-08 0.0 1.0 -0.0 0.0 -0.998 0.0 -0.0628 -3.0 -3.9204e-11 0.0 -5.7723e-12 1.0
-0.0419 0.0 0.9991 3.7337e-11 0.0 1.0 -0.0 0.0 -0.9991 0.0 -0.0419 -3.0 9.9167e-09 0.0 -5.2155e-10 1.0
-0.0209 0.0 0.9998 -1.9012e-09 -0.0 1.0 -0.0 0.0 -0.9998 0.0 -0.0209 -3.0 8.7184e-12 0.0 5.6075e-11 1.0
